trip_id,route_id,service_id,trip_headsign,trip_short_name,direction_id,block_id,shape_id,wheelchair_accessible
1,20,1,Loop,"",0,370065,8182,
10,20,1,Loop,"",0,370065,8182,
100,23,1,Loop,"",0,370073,20183,
101,23,1,Loop,"",0,370073,20183,
102,23,1,Loop,"",0,370074,20183,
103,23,1,Loop,"",0,370074,20183,
104,23,1,Loop,"",0,370074,20183,
105,23,1,Loop,"",0,370074,20183,
106,23,1,Loop,"",0,370074,20183,
107,23,1,Loop,"",0,370074,20183,
108,23,1,Loop,"",0,370074,20183,
109,23,1,Loop,"",0,370074,20183,
11,20,1,Loop,"",0,370066,8182,
110,23,1,Loop,"",0,370074,20183,
111,23,1,Loop,"",0,370074,20183,
112,23,1,Loop,"",0,370074,20183,
113,23,1,Loop,"",0,370074,20183,
114,23,1,Loop,"",0,370074,20183,
115,24,1,Loop,"",0,370075,2693,
116,24,1,Loop,"",0,370075,2693,
117,24,1,Loop,"",0,370075,2693,
118,24,1,Loop,"",0,370075,2693,
119,24,1,Loop,"",0,370075,2693,
12,20,1,Loop,"",0,370066,8182,
120,24,1,Loop,"",0,370075,2693,
121,24,1,Loop,"",0,370075,2693,
122,24,1,Loop,"",0,370075,2693,
123,24,1,Loop,"",0,370075,2693,
124,24,1,Loop,"",0,370075,2693,
125,24,1,Loop,"",0,370075,2693,
126,24,1,Loop,"",0,370075,2693,
127,24,1,Loop,"",0,370075,2693,
128,24,1,Loop,"",0,370075,2693,
129,24,1,Loop,"",0,370075,2693,
13,20,1,Loop,"",0,370066,8182,
130,24,1,Loop,"",0,370076,2693,
131,24,1,Loop,"",0,370076,2693,
132,24,1,Loop,"",0,370076,2693,
133,24,1,Loop,"",0,370076,2693,
134,24,1,Loop,"",0,370076,2693,
135,24,1,Loop,"",0,370076,2693,
136,24,1,Loop,"",0,370076,2693,
137,24,1,Loop,"",0,370076,2693,
138,24,1,Loop,"",0,370076,2693,
139,24,1,Loop,"",0,370076,2693,
14,20,1,Loop,"",0,370066,8182,
140,24,1,Loop,"",0,370076,2693,
141,24,1,Loop,"",0,370076,2693,
142,24,1,Loop,"",0,370076,2693,
143,25,1,Loop,"",0,370077,6248,
144,25,1,Loop,"",0,370077,6248,
145,25,1,Loop,"",0,370077,6248,
146,25,1,Loop,"",0,370077,6248,
147,25,1,Loop,"",0,370077,6248,
148,25,1,Loop,"",0,370077,6248,
149,25,1,Loop,"",0,370077,6248,
15,20,1,Loop,"",0,370066,8182,
150,25,1,Loop,"",0,370077,6248,
151,25,1,Loop,"",0,370077,6248,
152,25,1,Loop,"",0,370077,6248,
153,25,1,Loop,"",0,370077,6248,
154,25,1,Loop,"",0,370077,6248,
155,25,1,Loop,"",0,370077,6248,
156,25,1,Loop,"",0,370077,6248,
157,25,1,Loop,"",0,370077,6248,
158,25,1,Loop,"",0,370077,6248,
159,25,1,Loop,"",0,370077,6248,
16,20,1,Loop,"",0,370066,8182,
160,25,1,Loop,"",0,370077,6248,
161,5889,1,Loop,"",0,370078,20184,
162,5889,1,Loop,"",0,370078,20184,
163,5889,1,Loop,"",0,370078,20184,
164,5889,1,Loop,"",0,370078,20184,
165,5889,1,Loop,"",0,370078,20184,
166,5889,1,Loop,"",0,370078,20184,
167,5889,1,Loop,"",0,370078,20184,
168,5889,1,Loop,"",0,370078,20184,
169,5889,1,Loop,"",0,370078,20184,
17,20,1,Loop,"",0,370066,8182,
170,5889,1,Loop,"",0,370078,20184,
171,5889,1,Loop,"",0,370078,20184,
172,5889,1,Loop,"",0,370078,20184,
173,5889,1,Loop,"",0,370078,20184,
174,5889,1,Loop,"",0,370078,20184,
175,5889,1,Loop,"",0,370078,20184,
176,5889,1,Loop,"",0,370078,20184,
177,5889,1,Loop,"",0,370078,20184,
178,5889,1,Loop,"",0,370078,20184,
179,5889,1,Loop,"",0,370078,20184,
18,20,1,Loop,"",0,370066,8182,
180,1225,1,,"",0,370079,17632,
181,1225,1,,"",0,370079,17632,
182,1225,1,,"",0,370079,17632,
183,1225,1,,"",0,370079,17632,
184,1225,1,,"",0,370079,17632,
185,1225,1,,"",0,370079,17632,
186,1225,1,,"",0,370079,17632,
187,1225,1,,"",0,370079,17632,
188,1225,1,,"",0,370079,17632,
189,1225,1,,"",0,370079,17632,
19,20,1,Loop,"",0,370066,8182,
190,1225,1,,"",0,370079,17632,
191,1225,1,,"",0,370080,17632,
192,1225,1,,"",0,370080,17632,
193,1225,1,,"",0,370080,17632,
194,1225,1,,"",0,370080,17632,
195,1225,1,,"",0,370080,17632,
196,1225,1,,"",0,370080,17632,
197,1225,1,,"",0,370080,17632,
198,1225,1,,"",0,370080,17632,
199,1225,1,,"",0,370080,17632,
2,20,1,Loop,"",0,370065,8182,
20,20,1,Loop,"",0,370067,8182,
200,1225,1,,"",0,370080,17632,
201,1225,1,,"",0,370080,17632,
202,957,1,Loop,"",0,370081,6249,
203,957,1,Loop,"",0,370081,6249,
204,957,1,Loop,"",0,370081,6249,
205,957,1,Loop,"",0,370081,6249,
206,957,1,Loop,"",0,370081,6249,
207,957,1,Loop,"",0,370081,6249,
208,957,1,Loop,"",0,370081,6249,
209,957,1,Loop,"",0,370081,6249,
21,20,1,Loop,"",0,370067,8182,
210,957,1,Loop,"",0,370081,6249,
211,957,1,Loop,"",0,370081,6249,
212,957,1,Loop,"",0,370081,6249,
213,957,1,Loop,"",0,370081,6249,
214,957,1,Loop,"",0,370081,6249,
215,953,1,Loop,"",0,370082,4388,
216,953,1,Loop,"",0,370082,4388,
217,953,1,Loop,"",0,370082,4388,
218,953,1,Loop,"",0,370082,4388,
219,953,1,Loop,"",0,370082,4388,
22,20,1,Loop,"",0,370067,8182,
220,953,1,Loop,"",0,370082,4388,
221,953,1,Loop,"",0,370082,4388,
222,953,1,Loop,"",0,370082,4388,
223,953,1,Loop,"",0,370082,4388,
224,953,1,Loop,"",0,370082,4388,
225,953,1,Loop,"",0,370082,4388,
226,953,1,Loop,"",0,370082,4388,
227,953,1,Loop,"",0,370082,4388,
228,953,1,Loop,"",0,370082,4388,
229,19,1,,"",0,370083,20189,
23,20,1,Loop,"",0,370067,8182,
230,19,1,,"",0,370083,20189,
231,19,1,,"",0,370083,20189,
232,19,1,,"",0,370083,20189,
233,19,1,,"",0,370083,20189,
234,19,1,,"",0,370084,20189,
235,19,1,,"",0,370084,20189,
236,19,1,,"",0,370084,20189,
237,19,1,,"",0,370084,20189,
238,19,1,,"",0,370084,20189,
239,18,1,,"",0,370085,20187,
24,20,1,Loop,"",0,370067,8182,
240,18,1,,"",0,370085,20187,
241,18,1,,"",0,370085,20187,
242,18,1,,"",0,370085,20187,
243,18,1,,"",0,370085,20187,
244,18,1,,"",0,370086,20187,
245,18,1,,"",0,370086,20187,
246,18,1,,"",0,370086,20187,
247,18,1,,"",0,370086,20187,
248,18,1,,"",0,370086,20187,
249,972,1,Loop,"",0,370087,2697,
25,20,1,Loop,"",0,370067,8182,
250,972,1,Loop,"",0,370087,2697,
251,972,1,Loop,"",0,370087,2697,
252,972,1,Loop,"",0,370087,2697,
253,972,1,Loop,"",0,370087,2697,
254,972,1,Loop,"",0,370088,2697,
255,972,1,Loop,"",0,370088,2697,
256,972,1,Loop,"",0,370088,2697,
257,972,1,Loop,"",0,370088,2697,
258,972,1,Loop,"",0,370088,2697,
259,972,1,Loop,"",0,370089,2697,
26,20,1,Loop,"",0,370067,8182,
260,972,1,Loop,"",0,370089,2697,
261,972,1,Loop,"",0,370089,2697,
262,972,1,Loop,"",0,370089,2697,
263,972,1,Loop,"",0,370089,2697,
264,958,1,,"",0,370090,20185,
265,958,1,,"",0,370090,20185,
266,958,1,,"",0,370090,20185,
267,958,1,,"",0,370090,20185,
268,958,1,,"",0,370090,20185,
269,958,1,,"",0,370090,20185,
27,20,1,Loop,"",0,370067,8182,
270,958,1,,"",0,370090,20185,
271,958,1,,"",0,370090,20185,
272,958,1,,"",0,370090,20185,
273,958,1,,"",0,370090,20185,
274,973,1,Loop,"",0,370091,6284,
275,973,1,Loop,"",0,370091,6284,
276,973,1,Loop,"",0,370091,6284,
277,973,1,Loop,"",0,370091,6284,
278,973,1,Loop,"",0,370091,6284,
279,973,1,Loop,"",0,370091,6284,
28,20,1,Loop,"",0,370067,8182,
280,973,1,Loop,"",0,370091,6284,
281,973,1,Loop,"",0,370091,6284,
282,973,1,Loop,"",0,370092,6284,
283,973,1,Loop,"",0,370092,6284,
284,973,1,Loop,"",0,370092,6284,
285,973,1,Loop,"",0,370092,6284,
286,973,1,Loop,"",0,370092,6284,
287,973,1,Loop,"",0,370092,6284,
288,973,1,Loop,"",0,370092,6284,
289,20,2,Loop,"",0,370093,8181,
29,21,1,Loop,"",0,370068,6274,
290,20,2,Loop,"",0,370093,8181,
291,20,2,Loop,"",0,370093,8181,
292,20,2,Loop,"",0,370093,8181,
293,20,2,Loop,"",0,370093,8181,
294,20,2,Loop,"",0,370093,8181,
295,20,2,Loop,"",0,370093,8181,
296,20,2,Loop,"",0,370093,8181,
297,21,2,Loop,"",0,370094,6274,
298,21,2,Loop,"",0,370094,6274,
299,21,2,Loop,"",0,370094,6274,
3,20,1,Loop,"",0,370065,8182,
30,21,1,Loop,"",0,370068,6274,
300,21,2,Loop,"",0,370094,6274,
301,21,2,Loop,"",0,370094,6274,
302,21,2,Loop,"",0,370094,6274,
303,21,2,Loop,"",0,370094,6274,
304,21,2,Loop,"",0,370094,6274,
305,21,2,Loop,"",0,370094,6274,
306,21,2,Loop,"",0,370094,6274,
307,22,2,Loop,"",0,370095,6275,
308,22,2,Loop,"",0,370095,6275,
309,22,2,Loop,"",0,370095,6275,
31,21,1,Loop,"",0,370068,6274,
310,22,2,Loop,"",0,370095,6275,
311,22,2,Loop,"",0,370095,6275,
312,22,2,Loop,"",0,370095,6275,
313,22,2,Loop,"",0,370095,6275,
314,22,2,Loop,"",0,370095,6275,
315,23,2,Loop,"",0,370096,20183,
316,23,2,Loop,"",0,370096,20183,
317,23,2,Loop,"",0,370096,20183,
318,23,2,Loop,"",0,370096,20183,
319,23,2,Loop,"",0,370096,20183,
32,21,1,Loop,"",0,370068,6274,
320,23,2,Loop,"",0,370096,20183,
321,23,2,Loop,"",0,370096,20183,
322,23,2,Loop,"",0,370096,20183,
323,23,2,Loop,"",0,370096,20183,
324,23,2,Loop,"",0,370096,20183,
325,24,2,Loop,"",0,370097,2693,
326,24,2,Loop,"",0,370097,2693,
327,24,2,Loop,"",0,370097,2693,
328,24,2,Loop,"",0,370097,2693,
329,24,2,Loop,"",0,370097,2693,
33,21,1,Loop,"",0,370068,6274,
330,24,2,Loop,"",0,370097,2693,
331,24,2,Loop,"",0,370097,2693,
332,24,2,Loop,"",0,370097,2693,
333,24,2,Loop,"",0,370097,2693,
334,24,2,Loop,"",0,370097,2693,
335,24,2,Loop,"",0,370097,2693,
336,25,2,Loop,"",0,370098,6248,
337,25,2,Loop,"",0,370098,6248,
338,25,2,Loop,"",0,370098,6248,
339,25,2,Loop,"",0,370098,6248,
34,21,1,Loop,"",0,370068,6274,
340,25,2,Loop,"",0,370098,6248,
341,25,2,Loop,"",0,370098,6248,
342,25,2,Loop,"",0,370098,6248,
343,25,2,Loop,"",0,370098,6248,
344,25,2,Loop,"",0,370098,6248,
345,25,2,Loop,"",0,370098,6248,
346,25,2,Loop,"",0,370098,6248,
347,25,2,Loop,"",0,370098,6248,
348,25,2,Loop,"",0,370098,6248,
349,25,2,Loop,"",0,370098,6248,
35,21,1,Loop,"",0,370068,6274,
350,5889,2,Loop,"",0,370099,20184,
351,5889,2,Loop,"",0,370099,20184,
352,5889,2,Loop,"",0,370099,20184,
353,5889,2,Loop,"",0,370099,20184,
354,5889,2,Loop,"",0,370099,20184,
355,5889,2,Loop,"",0,370099,20184,
356,5889,2,Loop,"",0,370099,20184,
357,5889,2,Loop,"",0,370099,20184,
358,5889,2,Loop,"",0,370099,20184,
359,5889,2,Loop,"",0,370099,20184,
36,21,1,Loop,"",0,370068,6274,
360,5889,2,Loop,"",0,370099,20184,
361,5889,2,Loop,"",0,370099,20184,
362,5889,2,Loop,"",0,370099,20184,
363,5889,2,Loop,"",0,370099,20184,
364,957,2,Loop,"",0,370100,6249,
365,957,2,Loop,"",0,370100,6249,
366,957,2,Loop,"",0,370100,6249,
367,957,2,Loop,"",0,370100,6249,
368,957,2,Loop,"",0,370100,6249,
369,957,2,Loop,"",0,370100,6249,
37,21,1,Loop,"",0,370068,6274,
370,957,2,Loop,"",0,370100,6249,
371,957,2,Loop,"",0,370100,6249,
372,957,2,Loop,"",0,370100,6249,
373,957,2,Loop,"",0,370100,6249,
374,953,2,Loop,"",0,370101,4388,
375,953,2,Loop,"",0,370101,4388,
376,953,2,Loop,"",0,370101,4388,
377,953,2,Loop,"",0,370101,4388,
378,953,2,Loop,"",0,370101,4388,
379,953,2,Loop,"",0,370101,4388,
38,21,1,Loop,"",0,370068,6274,
380,953,2,Loop,"",0,370101,4388,
381,953,2,Loop,"",0,370101,4388,
382,953,2,Loop,"",0,370101,4388,
383,953,2,Loop,"",0,370101,4388,
384,19,2,,"",0,370102,20190,
385,19,2,,"",0,370102,20190,
386,19,2,,"",0,370102,20190,
387,19,2,,"",0,370102,20190,
388,19,2,,"",0,370102,20190,
389,18,2,,"",0,370103,20188,
39,21,1,Loop,"",0,370068,6274,
390,18,2,,"",0,370103,20188,
391,18,2,,"",0,370103,20188,
392,18,2,,"",0,370103,20188,
393,18,2,,"",0,370103,20188,
394,972,2,Loop,"",0,370104,2697,
395,972,2,Loop,"",0,370104,2697,
396,972,2,Loop,"",0,370104,2697,
397,972,2,Loop,"",0,370104,2697,
398,958,3,,"",0,370106,20186,
399,958,3,,"",0,370106,20186,
4,20,1,Loop,"",0,370065,8182,
40,21,1,Loop,"",0,370068,6274,
400,958,3,,"",0,370106,20186,
401,958,3,,"",0,370106,20186,
402,958,4,,"",0,370107,20185,
403,958,4,,"",0,370107,20185,
404,958,4,,"",0,370107,20185,
405,958,4,,"",0,370107,20185,
406,973,2,Loop,"",0,370105,4391,
407,973,2,Loop,"",0,370105,4391,
408,973,2,Loop,"",0,370105,4391,
409,973,2,Loop,"",0,370105,4391,
41,21,1,Loop,"",0,370068,6274,
410,973,2,Loop,"",0,370105,4391,
411,973,2,Loop,"",0,370105,4391,
42,21,1,Loop,"",0,370068,6274,
43,21,1,Loop,"",0,370068,6274,
44,21,1,Loop,"",0,370069,6274,
45,21,1,Loop,"",0,370069,6274,
46,21,1,Loop,"",0,370069,6274,
47,21,1,Loop,"",0,370069,6274,
48,21,1,Loop,"",0,370069,6274,
49,21,1,Loop,"",0,370069,6274,
5,20,1,Loop,"",0,370065,8182,
50,21,1,Loop,"",0,370069,6274,
51,21,1,Loop,"",0,370069,6274,
52,21,1,Loop,"",0,370069,6274,
53,21,1,Loop,"",0,370069,6274,
54,21,1,Loop,"",0,370069,6274,
55,21,1,Loop,"",0,370069,6274,
56,21,1,Loop,"",0,370069,6274,
57,22,1,Loop,"",0,370070,6275,
58,22,1,Loop,"",0,370070,6275,
59,22,1,Loop,"",0,370070,6275,
6,20,1,Loop,"",0,370065,8182,
60,22,1,Loop,"",0,370070,6275,
61,22,1,Loop,"",0,370070,6275,
62,22,1,Loop,"",0,370070,6275,
63,22,1,Loop,"",0,370070,6275,
64,22,1,Loop,"",0,370070,6275,
65,22,1,Loop,"",0,370070,6275,
66,22,1,Loop,"",0,370070,6275,
67,22,1,Loop,"",0,370071,6275,
68,22,1,Loop,"",0,370071,6275,
69,22,1,Loop,"",0,370071,6275,
7,20,1,Loop,"",0,370065,8182,
70,22,1,Loop,"",0,370071,6275,
71,22,1,Loop,"",0,370071,6275,
72,22,1,Loop,"",0,370071,6275,
73,22,1,Loop,"",0,370071,6275,
74,22,1,Loop,"",0,370071,6275,
75,22,1,Loop,"",0,370071,6275,
76,22,1,Loop,"",0,370071,6275,
77,22,1,Loop,"",0,370072,6275,
78,22,1,Loop,"",0,370072,6275,
79,22,1,Loop,"",0,370072,6275,
8,20,1,Loop,"",0,370065,8182,
80,22,1,Loop,"",0,370072,6275,
81,22,1,Loop,"",0,370072,6275,
82,22,1,Loop,"",0,370072,6275,
83,22,1,Loop,"",0,370072,6275,
84,22,1,Loop,"",0,370072,6275,
85,22,1,Loop,"",0,370072,6275,
86,22,1,Loop,"",0,370072,6275,
87,23,1,Loop,"",0,370073,20183,
88,23,1,Loop,"",0,370073,20183,
89,23,1,Loop,"",0,370073,20183,
9,20,1,Loop,"",0,370065,8182,
90,23,1,Loop,"",0,370073,20183,
91,23,1,Loop,"",0,370073,20183,
92,23,1,Loop,"",0,370073,20183,
93,23,1,Loop,"",0,370073,20183,
94,23,1,Loop,"",0,370073,20183,
95,23,1,Loop,"",0,370073,20183,
96,23,1,Loop,"",0,370073,20183,
97,23,1,Loop,"",0,370073,20183,
98,23,1,Loop,"",0,370073,20183,
99,23,1,Loop,"",0,370073,20183,
